<?xml version="1.0" encoding="UTF-8"?>
<BorderFile Version="3" Structure="CORTEX_LEFT" SurfaceNumberOfVertices="32492">
    <MetaData>
        <MD>
            <Name>ParentProvenance</Name>
            <Value>fs_LR.32k.L.inflated.surf.gii:
/NRG/BlueArc/nrgpackages/tools/hcp-pipeline-tools/global/binaries/caret7/bin_rh_linux64/../exe_rh_linux64/wb_command -surface-resample /HCP/hcpdb/build_ssd/chpc/BUILD/HCP_Staging/1396060669_100307/STRUCTURAL//100307/MNINonLinear/Native/100307.L.midthickness.native.surf.gii /HCP/hcpdb/build_ssd/chpc/BUILD/HCP_Staging/1396060669_100307/STRUCTURAL//100307/MNINonLinear/Native/100307.L.sphere.MSMSulc.native.surf.gii /HCP/hcpdb/build_ssd/chpc/BUILD/HCP_Staging/1396060669_100307/STRUCTURAL//100307/MNINonLinear/fsaverage_LR32k/100307.L.sphere.32k_fs_LR.surf.gii BARYCENTRIC /HCP/hcpdb/build_ssd/chpc/BUILD/HCP_Staging/1396060669_100307/STRUCTURAL//100307/MNINonLinear/fsaverage_LR32k/100307.L.midthickness.32k_fs_LR.surf.gii

</Value>
        </MD>
        <MD>
            <Name>ProgramProvenance</Name>
            <Value>Connectome Workbench
Type: Command Line Application
Version: 1.3.2
Qt Compiled Version: 5.7.0
Qt Runtime Version: 5.7.0
Commit: 1c774d37d6cb5a179e0de3cbe1081cd1f698963a
Commit Date: 2018-08-28 08:50:51 -0500
Compiled with OpenMP: YES
Compiler: clang++ (/usr/local/clang/4.0.0/bin)
Compiler Version: 4.0.0
Compiled Debug: NO
Operating System: Apple OSX
</Value>
        </MD>
        <MD>
            <Name>Provenance</Name>
            <Value>/Applications/workbench/bin_macosx64/../macosx64_apps/wb_command.app/Contents/MacOS/wb_command -label-to-border fs_LR.32k.L.inflated.surf.gii Icosahedron-42.32k.L.label.gii Icosahedron-42.32k.L.border</Value>
        </MD>
        <MD>
            <Name>WorkingDirectory</Name>
            <Value>/Users/jdiedrichsen/Data/fs_LR_32</Value>
        </MD>
    </MetaData>
    <Class Name="medial-wall" Red="0" Green="0" Blue="0">
        <Border Name="medial-wall" Red="0" Green="0" Blue="0">
            <BorderPart Closed="True">
                <Vertices>27 26 194
27 194 26
195 194 27
249 194 248
249 248 194
249 302 248
303 302 249
355 302 354
355 354 302
406 354 405
405 354 353
405 353 404
405 404 353
455 404 454
455 454 404
504 454 503
503 454 453
503 453 502
503 502 453
503 551 502
552 551 503
599 551 598
599 598 551
599 645 598
646 645 599
646 691 645
646 692 691
647 692 646
693 692 647
737 692 736
737 736 692
737 780 736
781 780 737
823 780 822
823 822 780
823 864 822
865 864 823
865 905 864
906 905 865
906 945 905
906 946 945
907 946 906
947 946 907
985 946 984
985 984 946
985 1022 984
1023 1022 985
1023 1059 1022
1023 1060 1059
1024 1060 1023
1061 1060 1024
1061 1096 1060
1061 1097 1096
1062 1097 1061
1098 1097 1062
1098 1132 1097
1133 1132 1098
1133 1166 1132
1133 1167 1166
1134 1167 1133
1168 1167 1134
1168 1200 1167
1201 1200 1168
1201 1232 1200
1201 1233 1232
1202 1233 1201
1234 1233 1202
1234 1264 1233
1265 1264 1234
1265 1294 1264
1295 1294 1265
1295 1323 1294
1295 1324 1323
1296 1324 1295
1325 1324 1296
1325 1352 1324
1353 1352 1325
1353 1379 1352
1380 1379 1353
1380 1405 1379
1380 1406 1405
1381 1406 1380
1407 1406 1381
1407 1431 1406
1432 1431 1407
1432 1455 1431
1456 1455 1432
1456 1478 1455
1479 1478 1456
1500 1478 1499
1500 1499 1478
1500 1520 1499
1521 1520 1500
1521 1540 1520
1521 1541 1540
1522 1541 1521
1542 1541 1522
1542 1560 1541
1561 1560 1542
1561 1578 1560
1579 1578 1561
1579 1595 1578
1596 1595 1579
1596 1611 1595
1596 1612 1611
1597 1612 1596
1613 1612 1597
1613 1627 1612
1628 1627 1613
1628 1641 1627
166 1641 1628
166 167 1641
166 26912 26954
26954 26912 26911
26911 26912 26868
26911 26868 26867
26911 26867 26910
26910 26867 26866
26866 26867 26822
26866 26822 26821
26866 26821 26865
26865 26821 26820
26865 26820 26864
26864 26820 26819
26819 26820 26774
26819 26774 26773
26819 26773 26818
26818 26773 26772
26818 26772 26817
26817 26772 26771
26771 26772 26725
26771 26725 26724
26771 26724 26770
26770 26724 26723
26723 26724 26676
26723 26676 26675
26723 26675 26722
26722 26675 26674
26722 26674 26721
26721 26674 26673
26673 26674 26625
26673 26625 26624
26673 26624 26672
26672 26624 26623
26672 26623 26671
26672 26671 26623
26719 26671 26718
26718 26671 26670
26718 26670 26717
26717 26670 26669
26669 26670 26621
26669 26621 26620
26669 26620 26668
26669 26668 26620
26716 26668 26715
26715 26668 26667
26667 26668 26619
26667 26619 26618
26667 26618 26666
26666 26618 26617
26666 26617 26665
26665 26617 26616
26665 26616 26664
26664 26616 26615
26664 26615 26663
26663 26615 26614
26663 26614 26662
26662 26614 26613
26613 26614 26564
26613 26564 26563
26613 26563 26612
26612 26563 26562
26612 26562 26611
26611 26562 26561
26561 26562 26511
26561 26511 26510
26561 26510 26560
26560 26510 26509
26560 26509 26559
26560 26559 26509
26609 26559 26608
26608 26559 26558
26558 26559 26508
26558 26508 26507
26558 26507 26557
26557 26507 26506
26557 26506 26556
26556 26506 26505
26556 26505 26555
26555 26505 26504
26555 26504 26554
26554 26504 26503
26503 26504 26452
26503 26452 26451
26503 26451 26502
26502 26451 26450
26502 26450 26501
26501 26450 26449
26501 26449 26500
26500 26449 26448
26500 26448 26499
26499 26448 26447
26499 26447 26498
26498 26447 26446
26498 26446 26497
26498 26497 26446
26548 26497 26547
26547 26497 26496
26547 26496 26546
26546 26496 26495
26495 26496 26444
26495 26444 26443
26495 26443 26494
26494 26443 26442
26494 26442 26493
26493 26442 26441
26493 26441 26492
26492 26441 26440
26492 26440 26491
26492 26491 26440
26542 26491 26541
26541 26491 26490
26541 26490 19886
26541 19886 26490
19885 19886 20206
20206 19886 20156
20206 20156 20155
20155 20156 20104
20104 20156 20155
20104 20105 20052
20104 20052 20051
20051 20052 19998
19998 20052 20051
19998 19999 19944
19998 19944 19943
19943 19944 10200
10200 19944 19943
10200 10201 10365
10200 10365 10417
10200 10417 10365
10199 10417 10468
10199 10468 10417
10199 10198 10468
19942 10198 19941
19942 19941 10198
19996 19941 19995
19995 19941 19940
19940 19941 10197
19940 10197 10196
19940 10196 19939
19939 10196 10195
19939 10195 19938
19938 10195 10194
19938 10194 19937
19937 10194 10193
19937 10193 19936
19937 19936 10193
19991 19936 19990
19991 19990 19936
20044 19990 20043
20044 20043 19990
20096 20043 20095
20096 20095 20043
20147 20095 20146
20147 20146 20095
20147 20197 20146
20198 20197 20147
20247 20197 20246
20247 20246 20197
20247 20295 20246
20296 20295 20247
20296 20343 20295
20344 20343 20296
20390 20343 20389
20390 20389 20343
20390 20435 20389
20390 20436 20435
20391 20436 20390
20437 20436 20391
20437 20481 20436
20482 20481 20437
20525 20481 20524
20525 20524 20481
20567 20524 20566
20567 20566 20524
20608 20566 20607
20608 20607 20566
20608 20648 20607
20649 20648 20608
20688 20648 20687
20688 20687 20648
20726 20687 20725
20726 20725 20687
20726 20763 20725
20764 20763 20726
20800 20763 20799
20800 20799 20763
20835 20799 20834
20835 20834 20799
20835 20869 20834
20870 20869 20835
20903 20869 20902
20903 20902 20869
20935 20902 20934
20935 20934 20902
20966 20934 20965
20966 20965 20934
20996 20965 20995
20995 20965 20964
20995 20964 20994
20995 20994 20964
21024 20994 21023
21024 21023 20994
21052 21023 21051
21052 21051 21023
21079 21051 21078
21079 21078 21051
21105 21078 21104
21104 21078 21077
21104 21077 21103
21104 21103 21077
21129 21103 21128
21129 21128 21103
21153 21128 21152
21153 21152 21128
21176 21152 21175
21176 21175 21152
21198 21175 21197
21197 21175 21174
21197 21174 21196
21197 21196 21174
21218 21196 21217
21218 21217 21196
21218 21238 21217
21239 21238 21218
21258 21238 21257
21258 21257 21238
21258 21276 21257
21277 21276 21258
21277 21294 21276
21295 21294 21277
21311 21294 21310
21311 21310 21294
21311 21326 21310
19851 21326 21311
19850 21326 21340
19850 21340 21326
19850 19849 21340
27711 19849 19850
27725 19849 27711
27725 19848 19849
27725 27738 19848
27726 27738 27725
27739 27738 27726
27739 27750 27738
27751 27750 27739
27751 27761 27750
27762 27761 27751
27771 27761 19845
27771 19845 27761
27771 19844 19845
27780 19844 27771
27780 19843 19844
27788 19843 27780
27788 19842 19843
27795 19842 27788
27795 19841 19842
27801 19841 27795
19840 19841 21421
19840 21421 21425
19840 21425 21421
19839 21425 21428
21428 21425 21424
21424 21425 21420
21424 21420 21419
21424 21419 21423
21424 21423 21419
21427 21423 21426
21427 21426 21423
21429 21426 19833
21429 19833 21426
19834 19833 21429
27925 19833 27924
27925 27924 19833
27925 27979 27924
27980 27979 27925
28033 27979 28032
28033 28032 27979
28085 28032 28084
28084 28032 28031
28084 28031 28083
28084 28083 28031
28135 28083 28134
28134 28083 28082
28134 28082 28133
28134 28133 28082
28134 28184 28133
28185 28184 28134
28234 28184 28233
28234 28233 28184
28282 28233 28281
28282 28281 28233
28329 28281 28328
28329 28328 28281
28329 28375 28328
28376 28375 28329
28421 28375 28420
28421 28420 28375
28465 28420 28464
28465 28464 28420
28465 28508 28464
1819 28508 28465
1818 28508 28550
1818 28550 28508
1817 28550 28591
1817 28591 28550
1817 1816 3266
1817 3266 3280
3280 3266 3265
3265 3266 3250
3265 3250 3249
3249 3250 3233
3249 3233 3232
3232 3233 3215
3232 3215 3214
3232 3214 3231
3231 3214 3213
3213 3214 3195
3195 3214 3213
3195 3196 3176
3195 3176 3175
3175 3176 3155
3175 3155 3154
3154 3155 3133
3154 3133 3132
3132 3133 3110
3132 3110 3109
3109 3110 3086
3109 3086 3085
3085 3086 3061
3085 3061 3060
3060 3061 3035
3060 3035 3034
3060 3034 3059
3059 3034 3033
3033 3034 3007
3033 3007 3006
3033 3006 3032
3032 3006 3005
3005 3006 2978
2978 3006 3005
2978 2979 2950
2978 2950 2949
2949 2950 2920
2949 2920 2919
2919 2920 2889
2919 2889 2888
2888 2889 2857
2888 2857 2856
2888 2856 2887
2887 2856 2855
2887 2855 2886
2887 2886 2855
2917 2886 2916
2916 2886 2885
2885 2886 2854
2885 2854 2853
2853 2854 2821
2853 2821 2820
2853 2820 2852
2852 2820 2819
2819 2820 2786
2819 2786 2785
2785 2786 2751
2785 2751 2750
2785 2750 2784
2784 2750 2749
2749 2750 2714
2749 2714 2713
2749 2713 2748
2749 2748 2713
2783 2748 2782
2782 2748 2747
2747 2748 2712
2747 2712 2711
2747 2711 2746
2746 2711 2710
2746 2710 2745
2745 2710 2709
2745 2709 2744
2744 2709 2708
2708 2709 2672
2708 2672 2671
2671 2672 2634
2671 2634 2633
2671 2633 2670
2671 2670 2633
2707 2670 2706
2706 2670 2669
2669 2670 2632
2669 2632 2631
2669 2631 30
30 2631 29
29 2631 2592
29 2592 28
28 2592 2552
28 2552 27
27 2552 2511
27 2511 26
</Vertices>
                <Weights>0.67 0.33 0
0.67 0.33 0
0.67 0.33 0
0.67 0.33 0
0.67 0.33 0
0.67 0.33 0
0.67 0.33 0
0.67 0.33 0
0.67 0.33 0
0.67 0.33 0
0.67 0.33 0
0.67 0.33 0
0.67 0.33 0
0.67 0.33 0
0.67 0.33 0
0.67 0.33 0
0.67 0.33 0
0.67 0.33 0
0.67 0.33 0
0.67 0.33 0
0.67 0.33 0
0.67 0.33 0
0.67 0.33 0
0.67 0.33 0
0.67 0.33 0
0.67 0.33 0
0.67 0.33 0
0.67 0.33 0
0.67 0.33 0
0.67 0.33 0
0.67 0.33 0
0.67 0.33 0
0.67 0.33 0
0.67 0.33 0
0.67 0.33 0
0.67 0.33 0
0.67 0.33 0
0.67 0.33 0
0.67 0.33 0
0.67 0.33 0
0.67 0.33 0
0.67 0.33 0
0.67 0.33 0
0.67 0.33 0
0.67 0.33 0
0.67 0.33 0
0.67 0.33 0
0.67 0.33 0
0.67 0.33 0
0.67 0.33 0
0.67 0.33 0
0.67 0.33 0
0.67 0.33 0
0.67 0.33 0
0.67 0.33 0
0.67 0.33 0
0.67 0.33 0
0.67 0.33 0
0.67 0.33 0
0.67 0.33 0
0.67 0.33 0
0.67 0.33 0
0.67 0.33 0
0.67 0.33 0
0.67 0.33 0
0.67 0.33 0
0.67 0.33 0
0.67 0.33 0
0.67 0.33 0
0.67 0.33 0
0.67 0.33 0
0.67 0.33 0
0.67 0.33 0
0.67 0.33 0
0.67 0.33 0
0.67 0.33 0
0.67 0.33 0
0.67 0.33 0
0.67 0.33 0
0.67 0.33 0
0.67 0.33 0
0.67 0.33 0
0.67 0.33 0
0.67 0.33 0
0.67 0.33 0
0.67 0.33 0
0.67 0.33 0
0.67 0.33 0
0.67 0.33 0
0.67 0.33 0
0.67 0.33 0
0.67 0.33 0
0.67 0.33 0
0.67 0.33 0
0.67 0.33 0
0.67 0.33 0
0.67 0.33 0
0.67 0.33 0
0.67 0.33 0
0.67 0.33 0
0.67 0.33 0
0.67 0.33 0
0.67 0.33 0
0.67 0.33 0
0.67 0.33 0
0.67 0.33 0
0.67 0.33 0
0.67 0.33 0
0.67 0.33 0
0.67 0.33 0
0.67 0.33 0
0.67 0.33 0
0.67 0.33 0
0.67 0.33 0
0.67 0.33 0
0.67 0.33 0
0.67 0.33 0
0.67 0.33 0
0.67 0.33 0
0.67 0.33 0
0.67 0.33 0
0.67 0.33 0
0.67 0.33 0
0.67 0.33 0
0.67 0.33 0
0.67 0.33 0
0.67 0.33 0
0.67 0.33 0
0.67 0.33 0
0.67 0.33 0
0.67 0.33 0
0.67 0.33 0
0.67 0.33 0
0.67 0.33 0
0.67 0.33 0
0.67 0.33 0
0.67 0.33 0
0.67 0.33 0
0.67 0.33 0
0.67 0.33 0
0.67 0.33 0
0.67 0.33 0
0.67 0.33 0
0.67 0.33 0
0.67 0.33 0
0.67 0.33 0
0.67 0.33 0
0.67 0.33 0
0.67 0.33 0
0.67 0.33 0
0.67 0.33 0
0.67 0.33 0
0.67 0.33 0
0.67 0.33 0
0.67 0.33 0
0.67 0.33 0
0.67 0.33 0
0.67 0.33 0
0.67 0.33 0
0.67 0.33 0
0.67 0.33 0
0.67 0.33 0
0.67 0.33 0
0.67 0.33 0
0.67 0.33 0
0.67 0.33 0
0.67 0.33 0
0.67 0.33 0
0.67 0.33 0
0.67 0.33 0
0.67 0.33 0
0.67 0.33 0
0.67 0.33 0
0.67 0.33 0
0.67 0.33 0
0.67 0.33 0
0.67 0.33 0
0.67 0.33 0
0.67 0.33 0
0.67 0.33 0
0.67 0.33 0
0.67 0.33 0
0.67 0.33 0
0.67 0.33 0
0.67 0.33 0
0.67 0.33 0
0.67 0.33 0
0.67 0.33 0
0.67 0.33 0
0.67 0.33 0
0.67 0.33 0
0.67 0.33 0
0.67 0.33 0
0.67 0.33 0
0.67 0.33 0
0.67 0.33 0
0.67 0.33 0
0.67 0.33 0
0.67 0.33 0
0.67 0.33 0
0.67 0.33 0
0.67 0.33 0
0.67 0.33 0
0.67 0.33 0
0.67 0.33 0
0.67 0.33 0
0.67 0.33 0
0.67 0.33 0
0.67 0.33 0
0.67 0.33 0
0.67 0.33 0
0.67 0.33 0
0.67 0.33 0
0.67 0.33 0
0.67 0.33 0
0.67 0.33 0
0.67 0.33 0
0.67 0.33 0
0.67 0.33 0
0.67 0.33 0
0.67 0.33 0
0.67 0.33 0
0.67 0.33 0
0.67 0.33 0
0.67 0.33 0
0.67 0.33 0
0.67 0.33 0
0.67 0.33 0
0.67 0.33 0
0.67 0.33 0
0.67 0.33 0
0.67 0.33 0
0.67 0.33 0
0.67 0.33 0
0.67 0.33 0
0.67 0.33 0
0.67 0.33 0
0.67 0.33 0
0.67 0.33 0
0.67 0.33 0
0.67 0.33 0
0.67 0.33 0
0.67 0.33 0
0.67 0.33 0
0.67 0.33 0
0.67 0.33 0
0.67 0.33 0
0.67 0.33 0
0.67 0.33 0
0.67 0.33 0
0.67 0.33 0
0.67 0.33 0
0.67 0.33 0
0.67 0.33 0
0.67 0.33 0
0.67 0.33 0
0.67 0.33 0
0.67 0.33 0
0.67 0.33 0
0.67 0.33 0
0.67 0.33 0
0.67 0.33 0
0.67 0.33 0
0.67 0.33 0
0.67 0.33 0
0.67 0.33 0
0.67 0.33 0
0.67 0.33 0
0.67 0.33 0
0.67 0.33 0
0.67 0.33 0
0.67 0.33 0
0.67 0.33 0
0.67 0.33 0
0.67 0.33 0
0.67 0.33 0
0.67 0.33 0
0.67 0.33 0
0.67 0.33 0
0.67 0.33 0
0.67 0.33 0
0.67 0.33 0
0.67 0.33 0
0.67 0.33 0
0.67 0.33 0
0.67 0.33 0
0.67 0.33 0
0.67 0.33 0
0.67 0.33 0
0.67 0.33 0
0.67 0.33 0
0.67 0.33 0
0.67 0.33 0
0.67 0.33 0
0.67 0.33 0
0.67 0.33 0
0.67 0.33 0
0.67 0.33 0
0.67 0.33 0
0.67 0.33 0
0.67 0.33 0
0.67 0.33 0
0.67 0.33 0
0.67 0.33 0
0.67 0.33 0
0.67 0.33 0
0.67 0.33 0
0.67 0.33 0
0.67 0.33 0
0.67 0.33 0
0.67 0.33 0
0.67 0.33 0
0.67 0.33 0
0.67 0.33 0
0.67 0.33 0
0.67 0.33 0
0.67 0.33 0
0.67 0.33 0
0.67 0.33 0
0.67 0.33 0
0.67 0.33 0
0.67 0.33 0
0.67 0.33 0
0.67 0.33 0
0.67 0.33 0
0.67 0.33 0
0.67 0.33 0
0.67 0.33 0
0.67 0.33 0
0.67 0.33 0
0.67 0.33 0
0.67 0.33 0
0.67 0.33 0
0.67 0.33 0
0.67 0.33 0
0.67 0.33 0
0.67 0.33 0
0.67 0.33 0
0.67 0.33 0
0.67 0.33 0
0.67 0.33 0
0.67 0.33 0
0.67 0.33 0
0.67 0.33 0
0.67 0.33 0
0.67 0.33 0
0.67 0.33 0
0.67 0.33 0
0.67 0.33 0
0.67 0.33 0
0.67 0.33 0
0.67 0.33 0
0.67 0.33 0
0.67 0.33 0
0.67 0.33 0
0.67 0.33 0
0.67 0.33 0
0.67 0.33 0
0.67 0.33 0
0.67 0.33 0
0.67 0.33 0
0.67 0.33 0
0.67 0.33 0
0.67 0.33 0
0.67 0.33 0
0.67 0.33 0
0.67 0.33 0
0.67 0.33 0
0.67 0.33 0
0.67 0.33 0
0.67 0.33 0
0.67 0.33 0
0.67 0.33 0
0.67 0.33 0
0.67 0.33 0
0.67 0.33 0
0.67 0.33 0
0.67 0.33 0
0.67 0.33 0
0.67 0.33 0
0.67 0.33 0
0.67 0.33 0
0.67 0.33 0
0.67 0.33 0
0.67 0.33 0
0.67 0.33 0
0.67 0.33 0
0.67 0.33 0
0.67 0.33 0
0.67 0.33 0
0.67 0.33 0
0.67 0.33 0
0.67 0.33 0
0.67 0.33 0
0.67 0.33 0
0.67 0.33 0
0.67 0.33 0
0.67 0.33 0
0.67 0.33 0
0.67 0.33 0
0.67 0.33 0
0.67 0.33 0
0.67 0.33 0
0.67 0.33 0
0.67 0.33 0
0.67 0.33 0
0.67 0.33 0
0.67 0.33 0
0.67 0.33 0
0.67 0.33 0
0.67 0.33 0
0.67 0.33 0
0.67 0.33 0
0.67 0.33 0
0.67 0.33 0
0.67 0.33 0
0.67 0.33 0
0.67 0.33 0
0.67 0.33 0
0.67 0.33 0
0.67 0.33 0
0.67 0.33 0
0.67 0.33 0
0.67 0.33 0
0.67 0.33 0
0.67 0.33 0
0.67 0.33 0
0.67 0.33 0
0.67 0.33 0
0.67 0.33 0
0.67 0.33 0
0.67 0.33 0
0.67 0.33 0
0.67 0.33 0
0.67 0.33 0
0.67 0.33 0
0.67 0.33 0
0.67 0.33 0
0.67 0.33 0
0.67 0.33 0
0.67 0.33 0
0.67 0.33 0
0.67 0.33 0
0.67 0.33 0
0.67 0.33 0
0.67 0.33 0
0.67 0.33 0
0.67 0.33 0
0.67 0.33 0
0.67 0.33 0
0.67 0.33 0
0.67 0.33 0
0.67 0.33 0
0.67 0.33 0
0.67 0.33 0
0.67 0.33 0
0.67 0.33 0
0.67 0.33 0
0.67 0.33 0
0.67 0.33 0
0.67 0.33 0
0.67 0.33 0
0.67 0.33 0
0.67 0.33 0
0.67 0.33 0
0.67 0.33 0
0.67 0.33 0
0.67 0.33 0
0.67 0.33 0
0.67 0.33 0
0.67 0.33 0
0.67 0.33 0
0.67 0.33 0
0.67 0.33 0
0.67 0.33 0
0.67 0.33 0
0.67 0.33 0
0.67 0.33 0
0.67 0.33 0
0.67 0.33 0
0.67 0.33 0
0.67 0.33 0
0.67 0.33 0
0.67 0.33 0
0.67 0.33 0
0.67 0.33 0
0.67 0.33 0
0.67 0.33 0
0.67 0.33 0
0.67 0.33 0
0.67 0.33 0
0.67 0.33 0
0.67 0.33 0
0.67 0.33 0
0.67 0.33 0
0.67 0.33 0
0.67 0.33 0
0.67 0.33 0
0.67 0.33 0
0.67 0.33 0
0.67 0.33 0
0.67 0.33 0
0.67 0.33 0
0.67 0.33 0
0.67 0.33 0
0.67 0.33 0
0.67 0.33 0
0.67 0.33 0
0.67 0.33 0
</Weights>
            </BorderPart>
        </Border>
        <Border Name="label-1" Red="0.5" Green="1" Blue="0">
            <BorderPart Closed="True">
                <Vertices>1731 1730 1842
1731 1842 1730
1731 1843 1842
1732 1843 1731
1844 1843 1732
1844 1898 1843
1844 1899 1898
1845 1899 1844
1900 1899 1845
1900 1953 1899
1900 1954 1953
1901 1954 1900
1955 1954 1901
1955 2007 1954
2008 2007 1955
2008 2059 2007
2008 2060 2059
2009 2060 2008
2061 2060 2009
2061 2111 2060
2061 2112 2111
2062 2112 2061
2113 2112 2062
2113 2162 2112
2163 2162 2113
2163 2211 2162
2163 2212 2211
2164 2212 2163
2213 2212 2164
2213 2260 2212
2213 2261 2260
2214 2261 2213
2262 2261 2214
2262 2308 2261
2262 2309 2308
2263 2309 2262
2263 2310 2309
2264 2310 2263
2264 2311 2310
2265 2311 2264
2265 2312 2311
2265 2266 2218
2218 2266 2265
2219 2266 2218
2219 2267 2266
2220 2267 2219
2220 2268 2267
2221 2268 2220
2221 2269 2268
2221 2222 2173
2173 2222 2221
2174 2222 2173
2174 2223 2222
2175 2223 2174
2175 2224 2223
2176 2224 2175
2176 2225 2224
2176 2177 2127
2127 2177 2176
2128 2177 2127
2128 2178 2177
2129 2178 2128
2129 2179 2178
2130 2179 2129
2130 2180 2179
2130 2131 2080
2080 2131 2130
2081 2131 2080
2081 2132 2131
2081 2082 2030
2030 2082 2081
2030 2031 1978
1978 2031 2030
1978 1979 1925
1978 1925 1924
1924 1925 1870
1870 1925 1924
1870 1871 1759
1759 1871 1870
1759 1760 1871
4888 1760 1759
4888 4904 1760
4888 4889 4872
4872 4889 4888
4873 4889 4872
4873 4890 4889
4874 4890 4873
4874 4891 4890
4874 4875 4857
4857 4875 4874
4858 4875 4857
4858 4876 4875
4859 4876 4858
4859 4877 4876
4859 4860 4841
4841 4860 4859
4842 4860 4841
4842 4861 4860
4842 4843 4823
4823 4843 4842
4823 4824 4803
4803 4824 4823
4803 4804 4782
4782 4804 4803
4782 4783 4760
4782 4760 4759
4759 4760 4736
4736 4760 4759
4736 4737 4712
4712 4737 4736
4712 4713 4687
4712 4687 4686
4686 4687 4660
4660 4687 4686
4660 4661 4633
4633 4661 4660
4633 4634 4605
4633 4605 4604
4604 4605 4575
4575 4605 4604
4575 4576 4545
4545 4576 4575
4545 4546 4514
4545 4514 4513
4513 4514 4481
4481 4514 4513
4481 4482 4448
4448 4482 4481
4448 4449 4414
4414 4449 4448
4414 4415 4379
4414 4379 4378
4378 4379 4342
4342 4379 4378
4342 4343 4305
4305 4343 4342
4305 4306 4267
4305 4267 4266
4266 4267 4227
4227 4267 4266
4227 4228 4187
4227 4187 4186
4186 4187 4145
4186 4145 4144
4144 4145 4102
4144 4102 4101
4101 4102 4058
4101 4058 4057
4101 4057 4100
4100 4057 4056
4056 4057 4012
4056 4012 4011
4011 4012 3966
4011 3966 3965
3965 3966 3919
3965 3919 3918
3965 3918 3964
3964 3918 3917
3917 3918 3870
3917 3870 3869
3869 3870 3821
3869 3821 3820
3869 3820 3868
3868 3820 3819
3819 3820 3770
3819 3770 3769
3769 3770 3719
3769 3719 3718
3718 3719 3667
3718 3667 3666
3718 3666 3717
3717 3666 3665
3665 3666 3613
3665 3613 3612
3665 3612 3664
3664 3612 3611
3664 3611 3663
3663 3611 3610
3663 3610 3662
3663 3662 3610
3714 3662 3713
3713 3662 3661
3713 3661 3712
3712 3661 3660
3712 3660 3711
3711 3660 3659
3711 3659 3710
3710 3659 3658
3710 3658 3709
3710 3709 3658
3760 3709 3759
3759 3709 3708
3759 3708 3758
3758 3708 3707
3758 3707 3757
3757 3707 3706
3757 3706 3756
3756 3706 3705
3756 3705 3755
3756 3755 3705
3805 3755 3804
3804 3755 3754
3804 3754 3803
3803 3754 3753
3803 3753 3802
3802 3753 3752
3802 3752 3801
3802 3801 3752
3850 3801 3849
3850 3849 3801
3897 3849 3896
3897 3896 3849
3897 3943 3896
3944 3943 3897
3989 3943 1730
3989 1730 3943
</Vertices>
                <Weights>0.67 0.33 0
0.67 0.33 0
0.67 0.33 0
0.67 0.33 0
0.67 0.33 0
0.67 0.33 0
0.67 0.33 0
0.67 0.33 0
0.67 0.33 0
0.67 0.33 0
0.67 0.33 0
0.67 0.33 0
0.67 0.33 0
0.67 0.33 0
0.67 0.33 0
0.67 0.33 0
0.67 0.33 0
0.67 0.33 0
0.67 0.33 0
0.67 0.33 0
0.67 0.33 0
0.67 0.33 0
0.67 0.33 0
0.67 0.33 0
0.67 0.33 0
0.67 0.33 0
0.67 0.33 0
0.67 0.33 0
0.67 0.33 0
0.67 0.33 0
0.67 0.33 0
0.67 0.33 0
0.67 0.33 0
0.67 0.33 0
0.67 0.33 0
0.67 0.33 0
0.67 0.33 0
0.67 0.33 0
0.67 0.33 0
0.67 0.33 0
0.67 0.33 0
0.67 0.33 0
0.67 0.33 0
0.67 0.33 0
0.67 0.33 0
0.67 0.33 0
0.67 0.33 0
0.67 0.33 0
0.67 0.33 0
0.67 0.33 0
0.67 0.33 0
0.67 0.33 0
0.67 0.33 0
0.67 0.33 0
0.67 0.33 0
0.67 0.33 0
0.67 0.33 0
0.67 0.33 0
0.67 0.33 0
0.67 0.33 0
0.67 0.33 0
0.67 0.33 0
0.67 0.33 0
0.67 0.33 0
0.67 0.33 0
0.67 0.33 0
0.67 0.33 0
0.67 0.33 0
0.67 0.33 0
0.67 0.33 0
0.67 0.33 0
0.67 0.33 0
0.67 0.33 0
0.67 0.33 0
0.67 0.33 0
0.67 0.33 0
0.67 0.33 0
0.67 0.33 0
0.67 0.33 0
0.67 0.33 0
0.67 0.33 0
0.67 0.33 0
0.67 0.33 0
0.67 0.33 0
0.67 0.33 0
0.67 0.33 0
0.67 0.33 0
0.67 0.33 0
0.67 0.33 0
0.67 0.33 0
0.67 0.33 0
0.67 0.33 0
0.67 0.33 0
0.67 0.33 0
0.67 0.33 0
0.67 0.33 0
0.67 0.33 0
0.67 0.33 0
0.67 0.33 0
0.67 0.33 0
0.67 0.33 0
0.67 0.33 0
0.67 0.33 0
0.67 0.33 0
0.67 0.33 0
0.67 0.33 0
0.67 0.33 0
0.67 0.33 0
0.67 0.33 0
0.67 0.33 0
0.67 0.33 0
0.67 0.33 0
0.67 0.33 0
0.67 0.33 0
0.67 0.33 0
0.67 0.33 0
0.67 0.33 0
0.67 0.33 0
0.67 0.33 0
0.67 0.33 0
0.67 0.33 0
0.67 0.33 0
0.67 0.33 0
0.67 0.33 0
0.67 0.33 0
0.67 0.33 0
0.67 0.33 0
0.67 0.33 0
0.67 0.33 0
0.67 0.33 0
0.67 0.33 0
0.67 0.33 0
0.67 0.33 0
0.67 0.33 0
0.67 0.33 0
0.67 0.33 0
0.67 0.33 0
0.67 0.33 0
0.67 0.33 0
0.67 0.33 0
0.67 0.33 0
0.67 0.33 0
0.67 0.33 0
0.67 0.33 0
0.67 0.33 0
0.67 0.33 0
0.67 0.33 0
0.67 0.33 0
0.67 0.33 0
0.67 0.33 0
0.67 0.33 0
0.67 0.33 0
0.67 0.33 0
0.67 0.33 0
0.67 0.33 0
0.67 0.33 0
0.67 0.33 0
0.67 0.33 0
0.67 0.33 0
0.67 0.33 0
0.67 0.33 0
0.67 0.33 0
0.67 0.33 0
0.67 0.33 0
0.67 0.33 0
0.67 0.33 0
0.67 0.33 0
0.67 0.33 0
0.67 0.33 0
0.67 0.33 0
0.67 0.33 0
0.67 0.33 0
0.67 0.33 0
0.67 0.33 0
0.67 0.33 0
0.67 0.33 0
0.67 0.33 0
0.67 0.33 0
0.67 0.33 0
0.67 0.33 0
0.67 0.33 0
0.67 0.33 0
0.67 0.33 0
0.67 0.33 0
0.67 0.33 0
0.67 0.33 0
0.67 0.33 0
0.67 0.33 0
0.67 0.33 0
0.67 0.33 0
0.67 0.33 0
0.67 0.33 0
0.67 0.33 0
0.67 0.33 0
0.67 0.33 0
0.67 0.33 0
0.67 0.33 0
0.67 0.33 0
0.67 0.33 0
0.67 0.33 0
0.67 0.33 0
0.67 0.33 0
0.67 0.33 0
0.67 0.33 0
0.67 0.33 0
0.67 0.33 0
0.67 0.33 0
0.67 0.33 0
0.67 0.33 0
0.67 0.33 0
0.67 0.33 0
0.67 0.33 0
0.67 0.33 0
0.67 0.33 0
0.67 0.33 0
0.67 0.33 0
</Weights>
            </BorderPart>
        </Border>
        <Border Name="label-2" Red="1" Green="0" Blue="0">
            <BorderPart Closed="True">
                <Vertices>1793 1792 2630
2630 1792 2591
2630 2591 2590
2590 2591 2550
2590 2550 2549
2549 2550 2508
2549 2508 2507
2507 2508 2465
2507 2465 2464
2507 2464 2506
2506 2464 2463
2463 2464 2420
2463 2420 2419
2419 2420 2375
2419 2375 2374
2374 2375 2329
2374 2329 2328
2374 2328 2373
2373 2328 2327
2327 2328 2281
2327 2281 2280
2280 2281 2233
2280 2233 2232
2232 2233 2184
2232 2184 2183
2232 2183 2231
2231 2183 2182
2182 2183 2133
2182 2133 2132
2132 2133 2082
2132 2082 2081
2132 2081 2131
2131 2081 2080
2131 2080 2130
2131 2130 2080
2180 2130 2179
2179 2130 2129
2179 2129 2178
2178 2129 2128
2178 2128 2177
2177 2128 2127
2177 2127 2176
2177 2176 2127
2225 2176 2224
2224 2176 2175
2224 2175 2223
2223 2175 2174
2223 2174 2222
2222 2174 2173
2222 2173 2221
2222 2221 2173
2269 2221 2268
2268 2221 2220
2268 2220 2267
2267 2220 2219
2267 2219 2266
2266 2219 2218
2266 2218 2265
2266 2265 2218
2312 2265 2311
2311 2265 2264
2311 2264 2310
2310 2264 2263
2310 2263 2309
2309 2263 2262
2309 2262 2308
2309 2308 2262
2354 2308 2353
2354 2353 2308
2398 2353 2397
2398 2397 2353
2398 2441 2397
2442 2441 2398
2484 2441 2483
2484 2483 2441
2525 2483 2524
2525 2524 2483
2565 2524 2564
2565 2564 2524
2565 2604 2564
2605 2604 2565
2643 2604 2642
2643 2642 2604
2680 2642 2679
2680 2679 2642
2716 2679 2715
2716 2715 2679
2716 2751 2715
2752 2751 2716
2786 2751 2785
2786 2785 2751
2786 2819 2785
2820 2819 2786
2820 2852 2819
2820 2853 2852
2821 2853 2820
2854 2853 2821
2854 2885 2853
2886 2885 2854
2886 2916 2885
2886 2917 2916
2886 2887 2855
2855 2887 2886
2856 2887 2855
2856 2888 2887
2857 2888 2856
2889 2888 2857
2889 2919 2888
2920 2919 2889
2920 2949 2919
2950 2949 2920
2950 2978 2949
2979 2978 2950
3006 2978 3005
3006 3005 2978
3006 3032 3005
3006 3033 3032
3007 3033 3006
3034 3033 3007
3034 3059 3033
3034 3060 3059
3035 3060 3034
3061 3060 3035
3061 3085 3060
3086 3085 3061
3086 3109 3085
3110 3109 3086
3110 3132 3109
3133 3132 3110
3133 3154 3132
3155 3154 3133
3155 3175 3154
3176 3175 3155
3176 3195 3175
3196 3195 3176
3214 3195 3213
3214 3213 3195
3214 3231 3213
3214 3232 3231
3215 3232 3214
3233 3232 3215
3233 3249 3232
3250 3249 3233
3250 3265 3249
3266 3265 3250
3266 3280 3265
3266 1817 3280
1816 1817 3266
1816 28591 28631
28631 28591 28590
28631 28590 28630
28631 28630 28590
28670 28630 28669
28669 28630 28629
28669 28629 28668
28668 28629 28628
28668 28628 28667
28668 28667 28628
28706 28667 28705
28705 28667 28666
28705 28666 28704
28705 28704 28666
28742 28704 28741
28742 28741 28704
28742 28778 28741
28779 28778 28742
28814 28778 28813
28814 28813 28778
28848 28813 28847
28848 28847 28813
28881 28847 28880
28881 28880 28847
28913 28880 28912
28913 28912 28880
28913 28944 28912
28945 28944 28913
28975 28944 28974
28975 28974 28944
29004 28974 29003
29004 29003 28974
29032 29003 29031
29032 29031 29003
29059 29031 29058
29059 29058 29031
29059 29085 29058
29086 29085 29059
29111 29085 29110
29111 29110 29085
29135 29110 29134
29135 29134 29110
29158 29134 29157
29158 29157 29134
29180 29157 29179
29180 29179 29157
29180 29201 29179
1797 29201 29180
1796 29201 29221
1796 29221 29201
1795 29221 29240
1795 29240 29221
1794 29240 29258
1794 29258 29240
1793 29258 29275
1793 29275 29258
</Vertices>
                <Weights>0.67 0.33 0
0.67 0.33 0
0.67 0.33 0
0.67 0.33 0
0.67 0.33 0
0.67 0.33 0
0.67 0.33 0
0.67 0.33 0
0.67 0.33 0
0.67 0.33 0
0.67 0.33 0
0.67 0.33 0
0.67 0.33 0
0.67 0.33 0
0.67 0.33 0
0.67 0.33 0
0.67 0.33 0
0.67 0.33 0
0.67 0.33 0
0.67 0.33 0
0.67 0.33 0
0.67 0.33 0
0.67 0.33 0
0.67 0.33 0
0.67 0.33 0
0.67 0.33 0
0.67 0.33 0
0.67 0.33 0
0.67 0.33 0
0.67 0.33 0
0.67 0.33 0
0.67 0.33 0
0.67 0.33 0
0.67 0.33 0
0.67 0.33 0
0.67 0.33 0
0.67 0.33 0
0.67 0.33 0
0.67 0.33 0
0.67 0.33 0
0.67 0.33 0
0.67 0.33 0
0.67 0.33 0
0.67 0.33 0
0.67 0.33 0
0.67 0.33 0
0.67 0.33 0
0.67 0.33 0
0.67 0.33 0
0.67 0.33 0
0.67 0.33 0
0.67 0.33 0
0.67 0.33 0
0.67 0.33 0
0.67 0.33 0
0.67 0.33 0
0.67 0.33 0
0.67 0.33 0
0.67 0.33 0
0.67 0.33 0
0.67 0.33 0
0.67 0.33 0
0.67 0.33 0
0.67 0.33 0
0.67 0.33 0
0.67 0.33 0
0.67 0.33 0
0.67 0.33 0
0.67 0.33 0
0.67 0.33 0
0.67 0.33 0
0.67 0.33 0
0.67 0.33 0
0.67 0.33 0
0.67 0.33 0
0.67 0.33 0
0.67 0.33 0
0.67 0.33 0
0.67 0.33 0
0.67 0.33 0
0.67 0.33 0
0.67 0.33 0
0.67 0.33 0
0.67 0.33 0
0.67 0.33 0
0.67 0.33 0
0.67 0.33 0
0.67 0.33 0
0.67 0.33 0
0.67 0.33 0
0.67 0.33 0
0.67 0.33 0
0.67 0.33 0
0.67 0.33 0
0.67 0.33 0
0.67 0.33 0
0.67 0.33 0
0.67 0.33 0
0.67 0.33 0
0.67 0.33 0
0.67 0.33 0
0.67 0.33 0
0.67 0.33 0
0.67 0.33 0
0.67 0.33 0
0.67 0.33 0
0.67 0.33 0
0.67 0.33 0
0.67 0.33 0
0.67 0.33 0
0.67 0.33 0
0.67 0.33 0
0.67 0.33 0
0.67 0.33 0
0.67 0.33 0
0.67 0.33 0
0.67 0.33 0
0.67 0.33 0
0.67 0.33 0
0.67 0.33 0
0.67 0.33 0
0.67 0.33 0
0.67 0.33 0
0.67 0.33 0
0.67 0.33 0
0.67 0.33 0
0.67 0.33 0
0.67 0.33 0
0.67 0.33 0
0.67 0.33 0
0.67 0.33 0
0.67 0.33 0
0.67 0.33 0
0.67 0.33 0
0.67 0.33 0
0.67 0.33 0
0.67 0.33 0
0.67 0.33 0
0.67 0.33 0
0.67 0.33 0
0.67 0.33 0
0.67 0.33 0
0.67 0.33 0
0.67 0.33 0
0.67 0.33 0
0.67 0.33 0
0.67 0.33 0
0.67 0.33 0
0.67 0.33 0
0.67 0.33 0
0.67 0.33 0
0.67 0.33 0
0.67 0.33 0
0.67 0.33 0
0.67 0.33 0
0.67 0.33 0
0.67 0.33 0
0.67 0.33 0
0.67 0.33 0
0.67 0.33 0
0.67 0.33 0
0.67 0.33 0
0.67 0.33 0
0.67 0.33 0
0.67 0.33 0
0.67 0.33 0
0.67 0.33 0
0.67 0.33 0
0.67 0.33 0
0.67 0.33 0
0.67 0.33 0
0.67 0.33 0
0.67 0.33 0
0.67 0.33 0
0.67 0.33 0
0.67 0.33 0
0.67 0.33 0
0.67 0.33 0
0.67 0.33 0
0.67 0.33 0
0.67 0.33 0
0.67 0.33 0
0.67 0.33 0
0.67 0.33 0
0.67 0.33 0
0.67 0.33 0
0.67 0.33 0
0.67 0.33 0
0.67 0.33 0
0.67 0.33 0
0.67 0.33 0
0.67 0.33 0
0.67 0.33 0
0.67 0.33 0
0.67 0.33 0
0.67 0.33 0
0.67 0.33 0
0.67 0.33 0
0.67 0.33 0
0.67 0.33 0
0.67 0.33 0
0.67 0.33 0
0.67 0.33 0
0.67 0.33 0
</Weights>
            </BorderPart>
        </Border>
        <Border Name="label-3" Red="0" Green="0.7" Blue="1">
            <BorderPart Closed="True">
                <Vertices>12 0 68
12 68 0
180 68 12
180 69 68
235 69 180
235 70 69
289 70 235
71 70 289
71 26270 26266
71 26266 72
72 26266 26261
72 26261 73
73 26261 26255
73 26255 74
74 26255 26248
74 26248 75
75 26248 26240
75 26240 76
76 26240 26231
76 26231 77
77 26231 26221
26221 26231 77
26221 26222 26211
26221 26211 26210
26221 26210 78
78 26210 79
78 79 685
685 79 78
685 730 79
686 730 685
731 730 686
731 774 730
731 775 774
732 775 731
732 776 775
733 776 732
733 777 776
734 777 733
734 778 777
735 778 734
735 779 778
736 779 735
780 779 736
780 822 779
780 823 822
780 781 737
780 737 736
736 737 692
692 737 736
692 693 647
692 647 646
692 646 691
691 646 645
645 646 599
645 599 598
598 599 551
551 599 598
551 552 503
551 503 502
502 503 453
453 503 502
454 503 453
454 504 503
454 455 404
404 455 454
404 405 353
353 405 404
354 405 353
354 406 405
354 355 302
302 355 354
302 303 249
302 249 248
248 249 194
194 249 248
194 195 27
194 27 26
26 27 194
2511 27 26
2552 27 2511
2552 28 27
2592 28 2552
2592 29 28
2631 29 2592
2631 30 29
2631 2669 30
2632 2669 2631
2670 2669 2632
2670 2706 2669
2670 2707 2706
2670 2671 2633
2633 2671 2670
2634 2671 2633
2672 2671 2634
2672 2708 2671
2709 2708 2672
2709 2744 2708
2709 2745 2744
2710 2745 2709
2710 2746 2745
2711 2746 2710
2711 2747 2746
2712 2747 2711
2748 2747 2712
2748 2782 2747
2748 2783 2782
2748 2749 2713
2713 2749 2748
2714 2749 2713
2750 2749 2714
2750 2784 2749
2750 2785 2784
2751 2785 2750
2751 2786 2785
2751 2752 2716
2751 2716 2715
2715 2716 2679
2679 2716 2715
2679 2680 2642
2642 2680 2679
2642 2643 2604
2604 2643 2642
2604 2605 2565
2604 2565 2564
2564 2565 2524
2524 2565 2564
2524 2525 2483
2483 2525 2524
2483 2484 2441
2441 2484 2483
2441 2442 2398
2441 2398 2397
2397 2398 2353
2353 2398 2397
2353 2354 2308
2308 2354 2353
2308 2309 2262
2308 2262 2261
2261 2262 2214
2261 2214 2213
2261 2213 2260
2260 2213 2212
2212 2213 2164
2212 2164 2163
2212 2163 2211
2211 2163 2162
2162 2163 2113
2162 2113 2112
2112 2113 2062
2112 2062 2061
2112 2061 2111
2111 2061 2060
2060 2061 2009
2060 2009 2008
2060 2008 2059
2059 2008 2007
2007 2008 1955
2007 1955 1954
1954 1955 1901
1954 1901 1900
1954 1900 1953
1953 1900 1899
1899 1900 1845
1899 1845 1844
1899 1844 1898
1898 1844 1843
1843 1844 1732
1843 1732 1731
1843 1731 1842
1842 1731 1730
1730 1731 1842
1730 3989 3943
3943 3989 1730
3943 3944 3897
3943 3897 3896
3896 3897 3849
3849 3897 3896
3849 3850 3801
3801 3850 3849
3801 3802 3752
3801 3752 3751
3801 3751 3800
3800 3751 3750
3750 3751 3700
3750 3700 3699
3699 3700 3648
3699 3648 3647
3699 3647 3698
3698 3647 3646
3646 3647 3594
3646 3594 3593
3593 3594 3540
3593 3540 3539
3593 3539 1722
1722 3539 1721
1721 3539 3484
1721 3484 1720
1721 1720 1832
1832 1720 12
12 1720 0
</Vertices>
                <Weights>0.67 0.33 0
0.67 0.33 0
0.67 0.33 0
0.67 0.33 0
0.67 0.33 0
0.67 0.33 0
0.67 0.33 0
0.67 0.33 0
0.67 0.33 0
0.67 0.33 0
0.67 0.33 0
0.67 0.33 0
0.67 0.33 0
0.67 0.33 0
0.67 0.33 0
0.67 0.33 0
0.67 0.33 0
0.67 0.33 0
0.67 0.33 0
0.67 0.33 0
0.67 0.33 0
0.67 0.33 0
0.67 0.33 0
0.67 0.33 0
0.67 0.33 0
0.67 0.33 0
0.67 0.33 0
0.67 0.33 0
0.67 0.33 0
0.67 0.33 0
0.67 0.33 0
0.67 0.33 0
0.67 0.33 0
0.67 0.33 0
0.67 0.33 0
0.67 0.33 0
0.67 0.33 0
0.67 0.33 0
0.67 0.33 0
0.67 0.33 0
0.67 0.33 0
0.67 0.33 0
0.67 0.33 0
0.67 0.33 0
0.67 0.33 0
0.67 0.33 0
0.67 0.33 0
0.67 0.33 0
0.67 0.33 0
0.67 0.33 0
0.67 0.33 0
0.67 0.33 0
0.67 0.33 0
0.67 0.33 0
0.67 0.33 0
0.67 0.33 0
0.67 0.33 0
0.67 0.33 0
0.67 0.33 0
0.67 0.33 0
0.67 0.33 0
0.67 0.33 0
0.67 0.33 0
0.67 0.33 0
0.67 0.33 0
0.67 0.33 0
0.67 0.33 0
0.67 0.33 0
0.67 0.33 0
0.67 0.33 0
0.67 0.33 0
0.67 0.33 0
0.67 0.33 0
0.67 0.33 0
0.67 0.33 0
0.67 0.33 0
0.67 0.33 0
0.67 0.33 0
0.67 0.33 0
0.67 0.33 0
0.67 0.33 0
0.67 0.33 0
0.67 0.33 0
0.67 0.33 0
0.67 0.33 0
0.67 0.33 0
0.67 0.33 0
0.67 0.33 0
0.67 0.33 0
0.67 0.33 0
0.67 0.33 0
0.67 0.33 0
0.67 0.33 0
0.67 0.33 0
0.67 0.33 0
0.67 0.33 0
0.67 0.33 0
0.67 0.33 0
0.67 0.33 0
0.67 0.33 0
0.67 0.33 0
0.67 0.33 0
0.67 0.33 0
0.67 0.33 0
0.67 0.33 0
0.67 0.33 0
0.67 0.33 0
0.67 0.33 0
0.67 0.33 0
0.67 0.33 0
0.67 0.33 0
0.67 0.33 0
0.67 0.33 0
0.67 0.33 0
0.67 0.33 0
0.67 0.33 0
0.67 0.33 0
0.67 0.33 0
0.67 0.33 0
0.67 0.33 0
0.67 0.33 0
0.67 0.33 0
0.67 0.33 0
0.67 0.33 0
0.67 0.33 0
0.67 0.33 0
0.67 0.33 0
0.67 0.33 0
0.67 0.33 0
0.67 0.33 0
0.67 0.33 0
0.67 0.33 0
0.67 0.33 0
0.67 0.33 0
0.67 0.33 0
0.67 0.33 0
0.67 0.33 0
0.67 0.33 0
0.67 0.33 0
0.67 0.33 0
0.67 0.33 0
0.67 0.33 0
0.67 0.33 0
0.67 0.33 0
0.67 0.33 0
0.67 0.33 0
0.67 0.33 0
0.67 0.33 0
0.67 0.33 0
0.67 0.33 0
0.67 0.33 0
0.67 0.33 0
0.67 0.33 0
0.67 0.33 0
0.67 0.33 0
0.67 0.33 0
0.67 0.33 0
0.67 0.33 0
0.67 0.33 0
0.67 0.33 0
0.67 0.33 0
0.67 0.33 0
0.67 0.33 0
0.67 0.33 0
0.67 0.33 0
0.67 0.33 0
0.67 0.33 0
0.67 0.33 0
0.67 0.33 0
0.67 0.33 0
0.67 0.33 0
0.67 0.33 0
0.67 0.33 0
0.67 0.33 0
0.67 0.33 0
0.67 0.33 0
0.67 0.33 0
0.67 0.33 0
0.67 0.33 0
0.67 0.33 0
0.67 0.33 0
0.67 0.33 0
0.67 0.33 0
0.67 0.33 0
0.67 0.33 0
0.67 0.33 0
0.67 0.33 0
0.67 0.33 0
0.67 0.33 0
0.67 0.33 0
0.67 0.33 0
0.67 0.33 0
0.67 0.33 0
0.67 0.33 0
0.67 0.33 0
0.67 0.33 0
0.67 0.33 0
0.67 0.33 0
0.67 0.33 0
0.67 0.33 0
</Weights>
            </BorderPart>
        </Border>
        <Border Name="label-4" Red="0.35" Green="0" Blue="1">
            <BorderPart Closed="True">
                <Vertices>19808 19807 21026
21026 19807 20997
21026 20997 19807
21026 20998 20997
21027 20998 21026
20999 20998 20969
20999 20969 20998
20999 20970 20969
21000 20970 20999
20971 20970 20940
20971 20940 20970
20971 20941 20940
20972 20941 20971
20972 20942 20941
20973 20942 20972
20973 20943 20942
20973 20974 20943
21003 20974 20973
21004 20974 21003
21004 20975 20974
21004 21005 20975
21033 21005 21004
21034 21005 21033
21034 21006 21005
21034 21035 21006
21062 21035 21034
21063 21035 21062
21063 21036 21035
21063 21064 21036
21090 21064 21063
21091 21064 21090
21091 21065 21064
21091 21092 21065
21117 21092 21091
21118 21092 21117
21118 21093 21092
21118 21119 21093
21143 21119 21118
21144 21119 21143
21144 21120 21119
21145 21120 21144
21145 21121 21120
21145 21146 21121
21169 21146 21145
21170 21146 21169
21170 21147 21146
21170 21171 21147
21193 21171 21170
21194 21171 21193
21194 21172 21171
21194 21195 21172
21216 21195 21194
21217 21195 21216
21217 21196 21195
21217 21218 21196
21238 21218 21217
21238 21239 21218
21238 21258 21257
21257 21258 21238
21276 21258 21257
21276 21277 21258
21294 21277 21276
21294 21295 21277
21294 21311 21310
21310 21311 21294
21326 21311 21310
21326 19851 21311
21326 19850 21340
21340 19850 21326
19849 19850 21340
19849 27711 19850
19849 27725 27711
19848 27725 19849
27738 27725 19848
27738 27726 27725
27738 27739 27726
27750 27739 27738
27750 27751 27739
27761 27751 27750
27761 27762 27751
27761 27771 19845
19845 27771 27761
19844 27771 19845
19844 27780 27771
19843 27780 19844
19843 27788 27780
19842 27788 19843
19842 27795 27788
19841 27795 19842
19841 27801 27795
19841 19840 21421
21421 19840 21425
21425 19840 21421
21425 19839 21428
21425 21428 21424
21425 21424 21420
21420 21424 21419
21419 21424 21423
21423 21424 21419
21423 21427 21426
21426 21427 21423
21426 21429 19833
19833 21429 21426
19833 19834 21429
19833 27925 27924
27924 27925 19833
27979 27925 27924
27979 27980 27925
27979 28033 28032
28032 28033 27979
28032 28085 28084
28032 28084 28031
28031 28084 28083
28083 28084 28031
28083 28135 28134
28083 28134 28082
28082 28134 28133
28133 28134 28082
28184 28134 28133
28184 28185 28134
28184 28234 28233
28233 28234 28184
28233 28282 28281
28281 28282 28233
28281 28329 28328
28328 28329 28281
28375 28329 28328
28375 28376 28329
28375 28421 28420
28420 28421 28375
28420 28465 28464
28464 28465 28420
28508 28465 28464
28508 1819 28465
28508 1818 28550
28550 1818 28508
28550 1817 28591
28591 1817 28550
28591 1816 28631
28591 28631 28590
28590 28631 28630
28630 28631 28590
28630 28670 28669
28630 28669 28629
28629 28669 28668
28629 28668 28628
28628 28668 28667
28667 28668 28628
28667 28706 28705
28667 28705 28666
28666 28705 28704
28666 28704 28665
28666 28665 28626
28626 28665 28625
28625 28665 28664
28625 28664 28624
28625 28624 28584
28584 28624 28583
28583 28624 28623
28583 28623 28582
28583 28582 28541
28541 28582 28540
28540 28582 28581
28540 28581 28539
28540 28539 28497
28497 28539 28496
28497 28496 28453
28453 28496 28452
28452 28496 28495
28452 28495 28451
28452 28451 28407
28407 28451 28406
28406 28451 28450
28406 28450 28405
28406 28405 28360
28360 28405 28359
28359 28405 28404
28359 28404 28358
28359 28358 28312
28312 28358 28311
28311 28358 28357
28311 28357 28310
28311 28310 28263
28263 28310 28262
28262 28310 28309
28262 28309 28261
28262 28261 28213
28213 28261 28212
28212 28261 28260
28212 28260 28211
28212 28211 28162
28162 28211 28161
28162 28161 28111
28111 28161 28110
28111 28110 28059
28111 28059 28110
28060 28059 28007
28007 28059 28006
28007 28006 27953
28007 27953 28006
27954 27953 27899
27899 27953 27898
27899 27898 19807
27899 19807 27898
</Vertices>
                <Weights>0.67 0.33 0
0.67 0.33 0
0.67 0.33 0
0.67 0.33 0
0.67 0.33 0
0.67 0.33 0
0.67 0.33 0
0.67 0.33 0
0.67 0.33 0
0.67 0.33 0
0.67 0.33 0
0.67 0.33 0
0.67 0.33 0
0.67 0.33 0
0.67 0.33 0
0.67 0.33 0
0.67 0.33 0
0.67 0.33 0
0.67 0.33 0
0.67 0.33 0
0.67 0.33 0
0.67 0.33 0
0.67 0.33 0
0.67 0.33 0
0.67 0.33 0
0.67 0.33 0
0.67 0.33 0
0.67 0.33 0
0.67 0.33 0
0.67 0.33 0
0.67 0.33 0
0.67 0.33 0
0.67 0.33 0
0.67 0.33 0
0.67 0.33 0
0.67 0.33 0
0.67 0.33 0
0.67 0.33 0
0.67 0.33 0
0.67 0.33 0
0.67 0.33 0
0.67 0.33 0
0.67 0.33 0
0.67 0.33 0
0.67 0.33 0
0.67 0.33 0
0.67 0.33 0
0.67 0.33 0
0.67 0.33 0
0.67 0.33 0
0.67 0.33 0
0.67 0.33 0
0.67 0.33 0
0.67 0.33 0
0.67 0.33 0
0.67 0.33 0
0.67 0.33 0
0.67 0.33 0
0.67 0.33 0
0.67 0.33 0
0.67 0.33 0
0.67 0.33 0
0.67 0.33 0
0.67 0.33 0
0.67 0.33 0
0.67 0.33 0
0.67 0.33 0
0.67 0.33 0
0.67 0.33 0
0.67 0.33 0
0.67 0.33 0
0.67 0.33 0
0.67 0.33 0
0.67 0.33 0
0.67 0.33 0
0.67 0.33 0
0.67 0.33 0
0.67 0.33 0
0.67 0.33 0
0.67 0.33 0
0.67 0.33 0
0.67 0.33 0
0.67 0.33 0
0.67 0.33 0
0.67 0.33 0
0.67 0.33 0
0.67 0.33 0
0.67 0.33 0
0.67 0.33 0
0.67 0.33 0
0.67 0.33 0
0.67 0.33 0
0.67 0.33 0
0.67 0.33 0
0.67 0.33 0
0.67 0.33 0
0.67 0.33 0
0.67 0.33 0
0.67 0.33 0
0.67 0.33 0
0.67 0.33 0
0.67 0.33 0
0.67 0.33 0
0.67 0.33 0
0.67 0.33 0
0.67 0.33 0
0.67 0.33 0
0.67 0.33 0
0.67 0.33 0
0.67 0.33 0
0.67 0.33 0
0.67 0.33 0
0.67 0.33 0
0.67 0.33 0
0.67 0.33 0
0.67 0.33 0
0.67 0.33 0
0.67 0.33 0
0.67 0.33 0
0.67 0.33 0
0.67 0.33 0
0.67 0.33 0
0.67 0.33 0
0.67 0.33 0
0.67 0.33 0
0.67 0.33 0
0.67 0.33 0
0.67 0.33 0
0.67 0.33 0
0.67 0.33 0
0.67 0.33 0
0.67 0.33 0
0.67 0.33 0
0.67 0.33 0
0.67 0.33 0
0.67 0.33 0
0.67 0.33 0
0.67 0.33 0
0.67 0.33 0
0.67 0.33 0
0.67 0.33 0
0.67 0.33 0
0.67 0.33 0
0.67 0.33 0
0.67 0.33 0
0.67 0.33 0
0.67 0.33 0
0.67 0.33 0
0.67 0.33 0
0.67 0.33 0
0.67 0.33 0
0.67 0.33 0
0.67 0.33 0
0.67 0.33 0
0.67 0.33 0
0.67 0.33 0
0.67 0.33 0
0.67 0.33 0
0.67 0.33 0
0.67 0.33 0
0.67 0.33 0
0.67 0.33 0
0.67 0.33 0
0.67 0.33 0
0.67 0.33 0
0.67 0.33 0
0.67 0.33 0
0.67 0.33 0
0.67 0.33 0
0.67 0.33 0
0.67 0.33 0
0.67 0.33 0
0.67 0.33 0
0.67 0.33 0
0.67 0.33 0
0.67 0.33 0
0.67 0.33 0
0.67 0.33 0
0.67 0.33 0
0.67 0.33 0
0.67 0.33 0
0.67 0.33 0
0.67 0.33 0
0.67 0.33 0
0.67 0.33 0
0.67 0.33 0
0.67 0.33 0
